[gd_scene load_steps=7 format=2]

[ext_resource path="res://Materials/PAL_MASTER_Gradient.tres" type="Material" id=1]
[ext_resource path="res://Models/ShipModels/Ship_Broken.glb" type="PackedScene" id=2]

[sub_resource type="CylinderShape" id=1]
radius = 1.354
height = 2.77885

[sub_resource type="CylinderShape" id=2]
radius = 0.749608
height = 1.56317

[sub_resource type="BoxShape" id=3]
extents = Vector3( 0.569937, 1, 0.685914 )

[sub_resource type="BoxShape" id=4]
extents = Vector3( 0.443828, 0.436478, 1.27367 )

[node name="Ship_Broken" instance=ExtResource( 2 )]

[node name="Ship_Repaired_Hull" parent="." index="0"]
transform = Transform( 0.919535, 0, 0.393008, 0, 1, 0, -0.393008, 0, 0.919535, 0.00745392, 2.93565, -0.00324075 )
material/0 = ExtResource( 1 )

[node name="StaticBody" type="StaticBody" parent="." index="1"]

[node name="CollisionShape" type="CollisionShape" parent="StaticBody" index="0"]
transform = Transform( 1, 0, 0, 0, 1, 0, 0, 0, 1, 0, 3.5446, 0 )
shape = SubResource( 1 )

[node name="CollisionShape4" type="CollisionShape" parent="StaticBody" index="1"]
transform = Transform( 1, 0, 0, 0, 1, 0, 0, 0, 1, 0, 6.01462, 0 )
shape = SubResource( 2 )

[node name="CollisionShape2" type="CollisionShape" parent="StaticBody" index="2"]
transform = Transform( -0.0194965, 0.774816, 0.631886, 0.030009, -0.631267, 0.774985, 0.99936, 0.0340711, -0.0109436, 1.63883, 1.97382, 0.645192 )
shape = SubResource( 3 )

[node name="CollisionShape5" type="CollisionShape" parent="StaticBody" index="3"]
transform = Transform( -0.419989, 0.907208, -0.024156, 0.00988182, 0.0311871, 0.999465, 0.907476, 0.419524, -0.0220628, 2.47278, 1.40212, 1.24147 )
shape = SubResource( 4 )

[node name="CollisionShape6" type="CollisionShape" parent="StaticBody" index="4"]
transform = Transform( 0.024341, 0.99921, -0.0314198, 0.00988182, 0.0311871, 0.999465, 0.999655, -0.024639, -0.00911453, -0.119317, 1.40212, -2.64667 )
shape = SubResource( 4 )

[node name="CollisionShape3" type="CollisionShape" parent="StaticBody" index="5"]
transform = Transform( -0.0371796, 0.0118782, 0.999238, 0.711812, 0.702135, 0.0181386, -0.701385, 0.711944, -0.0345602, -0.0900832, 2.2039, -1.47943 )
shape = SubResource( 3 )
